$ANSIBLE_VAULT;1.1;AES256
33306361353931383131643437353238373964646239303066626361336233366466343661633864
3431343836313966383037336233336166656465336262370a613166663130633334383836663932
30643437376434656366383135343263383230653964343034356433336666386363663135663337
3566396136393662330a386534323832336339393333336265616464346337393962313264623763
30396434336663303437393234616233653766333864353730323432633734353561626237623936
37616335646335303034373336366235306633333164633935316432333439306135323438306238
62656337373334383466613231336634356435353039363364623561616535366262363532626637
61386139653934656563353566323366386131383932303137326237663065303531666637663538
61343536343861646165356166396363366534326630663861633365313761656363343865356463
38396361353233356535366233366436313137656434373038353766633264336436666139393730
38623639653764643832653862633039346365326466383038646365393639633365623932653438
63653063323630303661343139373036643563613831663535393665363036613261373364623633
36373965346534383032363735316637633537383661363631643663653531656632393466623063
35393966333139633362333034306134336333613737623638393933373730323265306630363536
363433303465373639366333333138323963
